<?xml version="1.0"?>
<opencv_storage>
<image_width>480</image_width>
<image_height>640</image_height>
<camera_matrix type_id="opencv-matrix">
  <rows>3</rows>
  <cols>3</cols>
  <dt>d</dt>
  <data>
    2.0108108314833103e+03 0. 3.2192762080924120e+02 0.
    1.7026803233764545e+03 2.3693138652002190e+02 0. 0. 1.</data></camera_matrix>
<distortion_coefficients type_id="opencv-matrix">
  <rows>1</rows>
  <cols>5</cols>
  <dt>d</dt>
  <data>
    8.3488852993747509e-01 4.0045618592768250e+01
    -5.9508108629710899e-01 1.2283901821935060e-01
    -2.5529330698201542e+02</data></distortion_coefficients>
</opencv_storage>
